17 22 36 37 52 24
14 22 52 54 59 04
05 08 29 37 38 34
10 14 30 40 51 01
07 08 19 26 36 15
13 27 37 41 54 32
04 17 35 50 57 12
18 47 51 53 58 30
07 09 14 45 49 23
10 29 33 41 59 15
17 21 37 41 50 01
06 16 20 31 36 08
24 26 45 48 55 08
09 36 39 44 45 09
14 20 24 39 49 07
07 21 32 44 52 10
05 13 17 45 54 12
10 15 31 52 59 04
04 36 40 44 52 33
21 22 49 52 58 34
06 14 32 38 52 20
05 21 22 41 49 15
11 34 41 49 55 20
01 12 53 56 57 05
12 22 25 28 44 24
16 23 25 49 58 20
13 34 40 47 57 11
05 22 34 41 57 31
37 51 52 53 58 38
15 21 23 28 36 20
02 07 29 55 58 27
19 20 40 47 57 29
01 06 10 13 20 32
01 03 24 28 41 10
04 09 14 39 43 38
18 34 40 48 59 25
14 22 27 32 49 05
09 12 13 35 38 30
08 11 18 29 36 06
09 30 31 50 54 39
11 30 45 47 48 10
13 30 32 38 57 25
06 38 43 47 48 27
03 10 14 52 53 03
10 41 44 48 56 04
20 21 27 28 56 04
20 21 23 38 42 06
22 27 35 37 45 03
16 22 30 51 58 25
20 30 38 46 59 27
01 11 20 25 27 02
